image: ./simple_house_map.pgm
resolution: 0.050000
origin: [-7.000000, -11.000000, 0.00000]
negate: 0
occupied_thresh: 0.65
free_thresh: 0.196

